173
175
171
177
179
177
174
177
178
185
189
195
194
211
227
226
227
221
224
227
228
231
232
229
226
244
252
251
258
269
263
255
259
261
232
231
241
244
245
278
258
259
273
272
281
284
288
303
306
312
313
325
327
332
335
345
346
328
329
327
330
325
326
325
351
352
353
363
364
382
402
401
380
370
371
348
359
357
366
386
401
387
388
404
409
430
435
441
475
469
475
473
478
510
507
508
510
502
500
512
517
521
519
532
533
537
538
540
541
545
556
548
543
549
561
562
563
562
561
572
574
575
568
569
570
579
591
590
602
601
581
583
593
590
591
577
576
579
581
563
559
563
564
567
569
570
582
579
601
598
583
589
591
597
611
618
621
622
641
657
658
661
631
633
646
647
652
667
670
676
680
681
683
681
687
690
683
687
690
695
691
693
696
695
700
697
696
700
713
696
693
698
701
700
699
690
692
693
696
722
744
746
758
763
768
782
776
777
787
797
800
801
789
814
815
812
790
791
790
804
813
841
845
844
848
855
847
855
858
859
858
860
867
868
869
877
887
888
895
896
904
905
907
923
932
944
945
950
955
965